-10202	-5328	-6345	-6536	-6330	-6546	-7215	-5248	-6328	-6533	-8457	-5236	-957	-5227	-5990	-5150	-1984	-1933	-4789	-8732	-5992	-8688	-8432	-7452	-4784	-1636	-7685	-7494	-7616	-7455	-48	3403	7348	11088	5697	7320	5708	7356	7354	6776	5691	8071	8105	7985	8117	12075	33774	102064	317870	939097	2816112	8448602	8448396	8448564	8448522	2817495	937947	302391	98262	31857	12	49455	41742	11205	891	279	-108	-135	234	2079
-5328	-3076	-3342	-3689	-3356	-3534	-3920	-2646	-3356	-3534	-4352	-2646	-428	-2631	-3015	-2783	-870	-983	-2651	-4582	-3096	-4580	-4567	-3986	-2664	-732	-4168	-3986	-4175	-4050	-2	2007	4440	6623	3854	4490	3771	4505	4522	4483	3771	4904	4921	4915	4935	7086	19800	59804	186229	550299	1650363	4951112	4951020	4951118	4951101	1650909	549696	177336	57711	18645	-6	28554	24075	6516	486	162	-99	54	153	1026
-6345	-3342	-4540	-3983	-4538	-3928	-4426	-3492	-4507	-4232	-6079	-3516	-892	-3504	-3858	-3035	-1482	-1214	-2897	-6107	-4263	-5791	-5386	-4559	-2864	-1352	-4696	-4439	-4688	-4470	-2	2178	5214	7162	3444	5009	3413	5021	5047	4079	3573	5663	5689	5710	5700	8103	22399	68358	213287	629364	1887395	5662605	5662504	5662603	5662587	1888350	628974	202497	65784	21537	-30	34008	28647	7884	504	-324	-909	-864	-333	-162
-6536	-3689	-3983	-4520	-3995	-4333	-4775	-3154	-3995	-4327	-5240	-3154	-486	-3133	-3684	-3503	-1081	-1187	-3251	-5481	-3706	-5457	-5453	-4897	-3271	-822	-5009	-4921	-4980	-4965	-33	2337	4950	7665	4295	5086	4202	5125	5132	5031	4202	5551	5582	5466	5604	8154	22765	68664	213675	631634	1894081	5682293	5682162	5682279	5682246	1894905	630708	203487	66150	21405	15	32814	27720	7407	612	378	117	297	396	1809
-6330	-3356	-4538	-3995	-4544	-3908	-4428	-3480	-4509	-4228	-6078	-3504	-900	-3492	-3849	-3042	-1473	-1211	-2906	-6114	-4260	-5784	-5392	-4547	-2876	-1357	-4687	-4421	-4685	-4464	-2	2184	5217	7170	3463	5012	3412	5024	5053	4103	3582	5678	5707	5731	5718	8115	22427	68470	213611	630340	1890325	5671393	5671295	5671395	5671377	1891272	629952	202827	65889	21579	-24	34011	28638	7875	495	-333	-936	-855	-342	-189
-6546	-3534	-3928	-4333	-3908	-4514	-4676	-3195	-3924	-4324	-5147	-3174	-373	-3195	-3669	-3342	-1066	-1184	-3111	-5313	-3713	-5474	-5314	-4944	-3116	-724	-5069	-5045	-5026	-4935	-33	2240	4880	7544	4136	5072	4245	5070	5071	4784	4144	5323	5349	5244	5331	7952	22245	66840	208377	615560	1845961	5537943	5537794	5537912	5537886	1846779	614736	198111	64422	20709	-81	32556	27657	7380	594	477	288	108	387	1782
-7215	-3920	-4426	-4775	-4428	-4676	-5356	-3750	-4439	-4530	-5950	-3723	-731	-3708	-4261	-3700	-1397	-1571	-3448	-6116	-4164	-6225	-6203	-5233	-3469	-1334	-5579	-5316	-5543	-5331	-30	2503	5304	7951	4351	5199	4302	5231	5235	5218	4212	5854	5881	5814	5898	8698	24410	73710	229151	677563	2031962	6095932	6095794	6095914	6095883	2032773	676734	218559	71130	23088	21	34392	28710	7839	612	189	-72	18	117	1647
-5248	-2646	-3492	-3154	-3480	-3195	-3750	-3054	-3479	-3172	-4767	-3039	-774	-3033	-3293	-2446	-1282	-1232	-2339	-4817	-3371	-4822	-4613	-3638	-2326	-1361	-3989	-3651	-3971	-3651	0	1748	3953	5466	2630	3619	2643	3625	3624	3271	2618	4247	4246	4303	4252	6288	17658	53720	167202	493878	1481247	4443904	4443822	4443897	4443891	1481811	493578	159246	51804	16902	-15	25446	21105	5886	378	-306	-612	-666	-360	108
-6328	-3356	-4507	-3995	-4509	-3924	-4439	-3479	-4482	-4212	-6041	-3503	-887	-3491	-3844	-3040	-1464	-1229	-2904	-6075	-4237	-5779	-5399	-4548	-2877	-1356	-4706	-4434	-4701	-4471	-2	2184	5201	7163	3481	4994	3440	5006	5033	4127	3590	5654	5681	5707	5692	8097	22401	68348	213208	629196	1886904	5661110	5661011	5661110	5661093	1887831	628800	202482	65787	21528	-30	33849	28485	7839	495	-315	-900	-837	-333	-135
-6533	-3534	-4232	-4327	-4228	-4324	-4530	-3172	-4212	-4502	-5529	-3193	-497	-3193	-3698	-3350	-1153	-1001	-3125	-5709	-3925	-5509	-5233	-4942	-3112	-722	-4878	-4889	-4845	-4859	-30	2249	5082	7653	3995	5267	4003	5284	5303	4581	4104	5595	5637	5531	5639	8173	22630	68441	213593	630527	1890681	5672337	5672199	5672316	5672283	1891725	629751	202695	65811	21321	-30	34356	29340	7794	603	288	-81	-81	288	1215
-8457	-4352	-6079	-5240	-6078	-5147	-5950	-4767	-6041	-5529	-8392	-4800	-1367	-4782	-5251	-4111	-2177	-1877	-3826	-8198	-5879	-7780	-7226	-5967	-3797	-2138	-6179	-5836	-6134	-5847	-33	2710	6285	8671	3673	5910	3626	5947	5974	4516	3829	6914	6966	6894	6987	10053	27766	84969	264851	781717	2344110	7032935	7032796	7032913	7032882	2345514	781101	251529	81609	26889	-96	41937	35046	9738	630	-441	-1368	-1287	-513	-108
-5236	-2646	-3516	-3154	-3504	-3174	-3723	-3039	-3503	-3193	-4800	-3036	-780	-3024	-3284	-2446	-1288	-1208	-2339	-4850	-3389	-4816	-4595	-3636	-2326	-1352	-3962	-3629	-3941	-3639	0	1748	3971	5478	2612	3637	2613	3648	3647	3250	2612	4275	4274	4330	4285	6306	17682	53840	167596	495005	1484598	4453978	4453898	4453971	4453965	1485183	494694	159576	51894	16944	-15	25614	21267	5922	378	-324	-648	-684	-360	54
-957	-428	-892	-486	-900	-373	-731	-774	-887	-497	-1367	-780	-440	-765	-785	-404	-501	-411	-373	-1239	-903	-1108	-1015	-505	-368	-698	-637	-457	-637	-508	0	264	635	566	-48	347	-113	362	366	110	-52	719	723	742	738	996	2734	8767	27080	80045	240053	720295	720296	720299	720297	240219	80097	25938	8412	2970	18	3813	2853	963	27	-369	-603	-495	-369	-567
-5227	-2631	-3504	-3133	-3492	-3195	-3708	-3033	-3491	-3193	-4782	-3024	-765	-3024	-3272	-2431	-1276	-1208	-2324	-4820	-3392	-4810	-4571	-3642	-2311	-1334	-3965	-3645	-3950	-3635	0	1733	3953	5463	2594	3639	2619	3640	3641	3214	2606	4242	4243	4297	4244	6276	17601	53558	166780	492527	1477179	4431721	4431639	4431714	4431708	1477764	492231	158745	51627	16839	-30	25584	21267	5922	378	-297	-630	-702	-360	54
-5990	-3015	-3858	-3684	-3849	-3669	-4261	-3293	-3844	-3698	-5251	-3284	-785	-3272	-3730	-2932	-1392	-1274	-2738	-5374	-3683	-5314	-5106	-4243	-2727	-1327	-4467	-4246	-4434	-4249	-18	1979	4313	6209	3023	4083	3014	4104	4113	3728	3017	4724	4745	4714	4757	7023	19648	59679	185645	548579	1645097	4935500	4935388	4935485	4935459	1645905	548028	176838	57474	18798	48	28452	23742	6534	522	-108	-369	-369	-117	783
-5150	-2783	-3035	-3503	-3042	-3342	-3700	-2446	-3040	-3350	-4111	-2446	-404	-2431	-2932	-2894	-920	-985	-2576	-4218	-2944	-4165	-4160	-3850	-2591	-667	-3806	-3880	-3760	-3897	-52	1671	3264	5414	2708	3434	2639	3476	3474	3241	2647	3800	3834	3608	3850	5778	16127	48589	151099	446822	1339627	4018954	4018836	4018926	4018893	1340472	445902	143811	46638	15162	6	23490	19872	5292	576	477	252	405	495	1971
-1984	-870	-1482	-1081	-1473	-1066	-1397	-1282	-1464	-1153	-2177	-1288	-501	-1276	-1392	-920	-754	-587	-809	-2040	-1484	-1926	-1757	-1266	-794	-819	-1343	-1242	-1310	-1245	-18	531	1159	1446	248	903	239	924	913	501	284	1314	1315	1260	1327	1938	5349	16593	51450	152100	456018	1368216	1368183	1368201	1368195	456399	151932	49056	15882	5406	9	7800	6273	1872	162	-261	-459	-459	-216	-81
-1933	-983	-1214	-1187	-1211	-1184	-1571	-1232	-1229	-1001	-1877	-1208	-411	-1208	-1274	-985	-587	-820	-862	-1672	-1327	-1840	-1860	-1248	-880	-843	-1530	-1332	-1512	-1317	-18	537	987	1419	496	765	502	774	765	756	394	1119	1122	1071	1122	1815	5196	15781	48754	144469	433281	1299811	1299782	1299799	1299798	433458	144282	46797	15240	5052	-78	6474	4968	1584	144	-45	-261	-261	-198	351
-4789	-2651	-2897	-3251	-2906	-3111	-3448	-2339	-2904	-3125	-3826	-2339	-373	-2324	-2738	-2576	-809	-862	-2394	-4038	-2753	-4005	-3989	-3582	-2403	-619	-3647	-3588	-3633	-3630	-18	1698	3563	5557	3044	3657	2975	3681	3693	3590	2983	4011	4035	3954	4050	5937	16607	50127	156009	461104	1382707	4148169	4148074	4148162	4148139	1383324	460440	148515	48252	15618	12	24096	20358	5454	486	261	63	198	279	1296
-8732	-4582	-6107	-5481	-6114	-5313	-6116	-4817	-6075	-5709	-8198	-4850	-1239	-4820	-5374	-4218	-2040	-1672	-4038	-8372	-5755	-7959	-7496	-6243	-4006	-1899	-6476	-6084	-6464	-6167	1	3041	7085	9813	4792	6749	4691	6780	6817	5773	4900	7738	7775	7824	7806	11116	30835	94128	293328	865962	2596937	7791313	7791176	7791315	7791285	2598168	865362	278844	90582	29667	24	46056	38646	10611	684	-477	-1179	-1026	-423	-54
-5992	-3096	-4263	-3706	-4260	-3713	-4164	-3371	-4237	-3925	-5879	-3389	-903	-3392	-3683	-2944	-1484	-1327	-2753	-5755	-4258	-5533	-5105	-4285	-2728	-1434	-4419	-4207	-4411	-4197	-10	1942	4523	6333	2688	4337	2698	4339	4366	3280	2815	4987	5020	4970	5017	7267	20115	61468	191780	565839	1696827	5090853	5090755	5090845	5090832	1697766	565407	181938	59007	19356	-144	30681	25713	7173	513	-243	-954	-963	-315	-81
-8688	-4580	-5791	-5457	-5784	-5474	-6225	-4822	-5779	-5509	-7780	-4816	-1108	-4810	-5314	-4165	-1926	-1840	-4005	-7959	-5533	-7920	-7567	-6222	-3990	-1891	-6657	-6202	-6655	-6219	9	3059	7018	9830	5078	6685	5078	6685	6712	6119	5088	7592	7611	7691	7616	11029	30824	93665	291731	861600	2584077	7752488	7752347	7752490	7752471	2585034	861003	277677	90327	29406	-36	44874	37494	10377	693	-315	-855	-882	-369	378
-8432	-4567	-5386	-5453	-5392	-5314	-6203	-4613	-5399	-5233	-7226	-4595	-1015	-4571	-5106	-4160	-1757	-1860	-3989	-7496	-5105	-7567	-7466	-6030	-4000	-1813	-6562	-6058	-6559	-6136	6	3043	6719	9618	5262	6392	5176	6413	6427	6365	5120	7327	7337	7412	7361	10704	30070	91154	283483	837884	2512988	7539038	7538905	7539043	7539024	2513763	837174	270342	88011	28593	18	42516	35352	9774	675	-189	-585	-459	-234	918
-7452	-3986	-4559	-4897	-4547	-4944	-5233	-3638	-4548	-4942	-5967	-3636	-505	-3642	-4243	-3850	-1266	-1248	-3582	-6243	-4285	-6222	-6030	-5632	-3575	-838	-5656	-5644	-5625	-5604	-28	2569	5613	8629	4650	5811	4690	5819	5836	5377	4689	6178	6213	6092	6207	9172	25595	77117	240450	710192	2129638	6389092	6388930	6389068	6389037	2130696	709254	228501	74256	23973	-24	38007	32346	8649	765	459	198	144	414	1890
-4784	-2664	-2864	-3271	-2876	-3116	-3469	-2326	-2877	-3112	-3797	-2326	-368	-2311	-2727	-2591	-794	-880	-2403	-4006	-2728	-3990	-4000	-3575	-2424	-623	-3660	-3593	-3641	-3631	-22	1690	3487	5498	3018	3581	2939	3610	3620	3574	2937	3937	3965	3881	3983	5863	16423	49556	154150	455708	1366517	4099585	4099489	4099575	4099548	1367121	455022	146817	47697	15429	12	23616	19917	5310	450	279	81	234	288	1350
-1636	-732	-1352	-822	-1357	-724	-1334	-1361	-1356	-722	-2138	-1352	-698	-1334	-1327	-667	-819	-843	-619	-1899	-1434	-1891	-1813	-838	-623	-1250	-1210	-841	-1204	-889	0	444	974	878	-18	450	-79	467	459	294	-92	1066	1058	1107	1075	1571	4455	14098	43376	128477	385416	1156334	1156335	1156337	1156341	385536	128553	41802	13614	4731	-12	5409	3807	1395	27	-558	-873	-783	-630	-729
-7685	-4168	-4696	-5009	-4687	-5069	-5579	-3989	-4706	-4878	-6179	-3962	-637	-3965	-4467	-3806	-1343	-1530	-3647	-6476	-4419	-6657	-6562	-5656	-3660	-1210	-6062	-5739	-6046	-5713	-3	2752	6071	9003	5109	6023	5140	6024	6040	5990	5021	6546	6566	6611	6566	9713	27317	82370	256514	757898	2273077	6819281	6819138	6819271	6819249	2273817	757197	244305	79542	25623	-39	39087	32850	8901	621	180	-72	-135	36	1350
-7494	-3986	-4439	-4921	-4421	-5045	-5316	-3651	-4434	-4889	-5836	-3629	-457	-3645	-4246	-3880	-1242	-1332	-3588	-6084	-4207	-6202	-6058	-5644	-3593	-841	-5739	-5740	-5691	-5646	-40	2533	5391	8455	4566	5607	4651	5614	5619	5314	4560	5930	5965	5819	5952	8938	25034	75239	234454	692707	2077228	6231778	6231606	6231742	6231708	2078232	691716	222957	72471	23337	-42	36639	31122	8289	729	567	378	252	486	2214
-7616	-4175	-4688	-4980	-4685	-5026	-5543	-3971	-4701	-4845	-6134	-3941	-637	-3950	-4434	-3760	-1310	-1512	-3633	-6464	-4411	-6655	-6559	-5625	-3641	-1204	-6046	-5691	-6066	-5691	13	2798	6273	9199	5329	6224	5354	6206	6235	6211	5238	6750	6767	6847	6755	9927	27910	84176	262236	774694	2323534	6970629	6970496	6970636	6970620	2324208	774066	249726	81342	26196	-42	40056	33678	9189	666	144	-135	-180	-18	1188
-7455	-4050	-4470	-4965	-4464	-4935	-5331	-3651	-4471	-4859	-5847	-3639	-508	-3635	-4249	-3897	-1245	-1317	-3630	-6167	-4197	-6219	-6136	-5604	-3631	-889	-5713	-5646	-5691	-5652	-24	2628	5646	8710	4848	5811	4843	5824	5837	5648	4797	6247	6272	6162	6273	9258	25916	78023	243032	718155	2153587	6460829	6460673	6460813	6460785	2154531	717183	231264	75201	24270	3	37770	32013	8604	792	459	261	279	441	2079
-48	-2	-2	-33	-2	-33	-30	0	-2	-30	-33	0	0	0	-18	-52	-18	-18	-18	1	-10	9	6	-28	-22	0	-3	-40	13	-24	-16	-44	-186	-168	-186	-166	-186	-158	-164	-196	-186	-176	-170	-208	-170	-188	-534	-1632	-5140	-15116	-45408	-136210	-136216	-136218	-136224	-45348	-15180	-4896	-1626	-516	0	-798	-666	-234	-18	54	54	54	54	162
3403	2007	2178	2337	2184	2240	2503	1748	2184	2249	2710	1748	264	1733	1979	1671	531	537	1698	3041	1942	3059	3043	2569	1690	444	2752	2533	2798	2628	-44	-1496	-3554	-4955	-3210	-3523	-3152	-3512	-3541	-3691	-3152	-3830	-3823	-3943	-3834	-5309	-14868	-44960	-140054	-413786	-1241178	-3723498	-3723451	-3723527	-3723528	-1241352	-413559	-133509	-43554	-14052	-45	-21288	-17919	-4968	-378	72	144	54	18	-270
7348	4440	5214	4950	5217	4880	5304	3953	5201	5082	6285	3971	635	3953	4313	3264	1159	987	3563	7085	4523	7018	6719	5613	3487	974	6071	5391	6273	5646	-186	-3554	-9362	-12189	-8161	-9181	-8110	-9086	-9195	-9146	-8201	-9827	-9780	-10303	-9778	-13163	-36655	-111145	-347192	-1024493	-3073412	-9220289	-9220226	-9220406	-9220449	-3073608	-1024563	-330282	-107886	-34794	-48	-54270	-45936	-12978	-918	621	936	882	549	1080
11088	6623	7162	7665	7170	7544	7951	5466	7163	7653	8671	5478	566	5463	6209	5414	1446	1419	5557	9813	6333	9830	9618	8629	5498	878	9003	8455	9199	8710	-168	-4955	-12189	-17070	-11172	-12406	-11105	-12317	-12436	-12534	-11151	-13031	-13006	-13421	-13001	-17984	-50197	-151511	-473014	-1396382	-4188551	-12565617	-12565460	-12565725	-12565746	-4189197	-1395732	-449898	-146754	-47130	-42	-74085	-63045	-17361	-1377	-18	279	171	-108	-783
5697	3854	3444	4295	3463	4136	4351	2630	3481	3995	3673	2612	-48	2594	3023	2708	248	496	3044	4792	2688	5078	5262	4650	3018	-18	5109	4566	5329	4848	-186	-3210	-8161	-11172	-8624	-8357	-8526	-8261	-8368	-9487	-8427	-8558	-8509	-9022	-8506	-11449	-32150	-96560	-301375	-890083	-2670416	-8010878	-8010825	-8011004	-8011038	-2670129	-889992	-287343	-94092	-29949	-141	-45894	-39069	-10863	-855	-36	-234	-387	-72	-405
7320	4490	5009	5086	5012	5072	5199	3619	4994	5267	5910	3637	347	3639	4083	3434	903	765	3657	6749	4337	6685	6392	5811	3581	450	6023	5607	6224	5811	-166	-3523	-9181	-12406	-8357	-9364	-8352	-9256	-9374	-9210	-8444	-9710	-9684	-10082	-9660	-13071	-36319	-109759	-343170	-1012448	-3037091	-9111317	-9111228	-9111424	-9111456	-3037449	-1012284	-326067	-106443	-34197	-6	-54573	-46602	-12987	-1035	153	432	423	99	243
5708	3771	3413	4202	3412	4245	4302	2643	3440	4003	3626	2613	-113	2619	3014	2639	239	502	2975	4691	2698	5078	5176	4690	2939	-79	5140	4651	5354	4843	-186	-3152	-8110	-11105	-8526	-8352	-8552	-8234	-8338	-9331	-8391	-8428	-8376	-8880	-8351	-11334	-31844	-95472	-298225	-880535	-2641813	-7925075	-7925010	-7925189	-7925229	-2641542	-880485	-284136	-93063	-29547	-84	-45795	-39087	-10881	-873	-126	-351	-306	-90	-459
7356	4505	5021	5125	5024	5070	5231	3625	5006	5284	5947	3648	362	3640	4104	3476	924	774	3681	6780	4339	6685	6413	5819	3610	467	6024	5614	6206	5824	-158	-3512	-9086	-12317	-8261	-9256	-8234	-9168	-9278	-9128	-8337	-9632	-9608	-9988	-9598	-12985	-36076	-109055	-340870	-1005770	-3017008	-9051080	-9050988	-9051179	-9051207	-3017400	-1005555	-323940	-105729	-33990	-21	-54084	-46161	-12834	-1008	153	423	378	72	162
7354	4522	5047	5132	5053	5071	5235	3624	5033	5303	5974	3647	366	3641	4113	3474	913	765	3693	6817	4366	6712	6427	5836	3620	459	6040	5619	6235	5837	-164	-3541	-9195	-12436	-8368	-9374	-8338	-9278	-9404	-9230	-8449	-9743	-9727	-10121	-9713	-13116	-36423	-110135	-344280	-1015771	-3047024	-9141144	-9141054	-9141250	-9141276	-3047418	-1015593	-327159	-106782	-34338	-15	-54678	-46665	-12996	-1026	162	459	405	99	243
6776	4483	4079	5031	4103	4784	5218	3271	4127	4581	4516	3250	110	3214	3728	3241	501	756	3590	5773	3280	6119	6365	5377	3574	294	5990	5314	6211	5648	-196	-3691	-9146	-12534	-9487	-9210	-9331	-9128	-9230	-10646	-9201	-9662	-9602	-10166	-9618	-12988	-36550	-109952	-342685	-1012586	-3037916	-9113266	-9113203	-9113400	-9113433	-3037563	-1012371	-327117	-107070	-34176	-192	-51282	-43362	-12078	-918	108	-144	-378	-45	-513
5691	3771	3573	4202	3582	4144	4212	2618	3590	4104	3829	2612	-52	2606	3017	2647	284	394	2983	4900	2815	5088	5120	4689	2937	-92	5021	4560	5238	4797	-186	-3152	-8201	-11151	-8427	-8444	-8391	-8337	-8449	-9201	-8354	-8566	-8522	-9019	-8508	-11432	-31984	-96140	-300427	-886809	-2660522	-7981326	-7981267	-7981446	-7981482	-2660376	-886764	-286011	-93606	-29811	-108	-46695	-39942	-11079	-873	-27	-153	-207	-54	-162
8071	4904	5663	5551	5678	5323	5854	4247	5654	5595	6914	4275	719	4242	4724	3800	1314	1119	4011	7738	4987	7592	7327	6178	3937	1066	6546	5930	6750	6247	-176	-3830	-9827	-13031	-8558	-9710	-8428	-9632	-9743	-9662	-8566	-10496	-10453	-10885	-10463	-14070	-39126	-118679	-370469	-1093543	-3280337	-9841044	-9840965	-9841163	-9841200	-3280695	-1093344	-352527	-115062	-37209	-69	-57813	-48897	-13815	-1089	522	909	702	351	594
8105	4921	5689	5582	5707	5349	5881	4246	5681	5637	6966	4274	723	4243	4745	3834	1315	1122	4035	7775	5020	7611	7337	6213	3965	1058	6566	5965	6767	6272	-170	-3823	-9780	-13006	-8509	-9684	-8376	-9608	-9727	-9602	-8522	-10453	-10426	-10844	-10434	-14039	-39020	-118382	-369529	-1090758	-3271950	-9815914	-9815831	-9816031	-9816060	-3272355	-1090548	-351615	-114744	-37119	-63	-57687	-48789	-13761	-1071	495	909	693	342	567
7985	4915	5710	5466	5731	5244	5814	4303	5707	5531	6894	4330	742	4297	4714	3608	1260	1071	3954	7824	4970	7691	7412	6092	3881	1107	6611	5819	6847	6162	-208	-3943	-10303	-13421	-9022	-10082	-8880	-9988	-10121	-10166	-9019	-10885	-10844	-11438	-10854	-14527	-40448	-122811	-383425	-1131585	-3394684	-10184093	-10184034	-10184234	-10184274	-3394851	-1131657	-364920	-119175	-38484	-78	-59559	-50301	-14211	-981	765	1161	954	630	1323
8117	4935	5700	5604	5718	5331	5898	4252	5692	5639	6987	4285	738	4244	4757	3850	1327	1122	4050	7806	5017	7616	7361	6207	3983	1075	6566	5952	6755	6273	-170	-3834	-9778	-13001	-8506	-9660	-8351	-9598	-9713	-9618	-8508	-10463	-10434	-10854	-10458	-14047	-39044	-118494	-369799	-1091638	-3274571	-9823782	-9823699	-9823895	-9823923	-3274980	-1091409	-351936	-114843	-37170	-78	-57597	-48681	-13725	-1053	522	927	675	342	567
12075	7086	8103	8154	8115	7952	8698	6288	8097	8173	10053	6306	996	6276	7023	5778	1938	1815	5937	11116	7267	11029	10704	9172	5863	1571	9713	8938	9927	9258	-188	-5309	-13163	-17984	-11449	-13071	-11334	-12985	-13116	-12988	-11432	-14070	-14039	-14527	-14047	-19358	-53994	-163490	-510206	-1506177	-4517932	-13553877	-13553726	-13553999	-13554027	-4518672	-1505661	-485442	-158337	-51102	-54	-79515	-67275	-18765	-1449	414	927	747	324	-27
33774	19800	22399	22765	22427	22245	24410	17658	22401	22630	27766	17682	2734	17601	19648	16127	5349	5196	16607	30835	20115	30824	30070	25595	16423	4455	27317	25034	27910	25916	-534	-14868	-36655	-50197	-32150	-36319	-31844	-36076	-36423	-36550	-31984	-39126	-39020	-40448	-39044	-53994	-150886	-456613	-1424646	-4206113	-12616851	-37850599	-37850178	-37850936	-37851021	-12618675	-4204692	-1355934	-442356	-142620	-162	-220926	-186714	-52074	-3978	1143	2412	1953	936	-297
102064	59804	68358	68664	68470	66840	73710	53720	68348	68441	84969	53840	8767	53558	59679	48589	16593	15781	50127	94128	61468	93665	91154	77117	49556	14098	82370	75239	84176	78023	-1632	-44960	-111145	-151511	-96560	-109759	-95472	-109055	-110135	-109952	-96140	-118679	-118382	-122811	-118494	-163490	-456613	-1382942	-4314679	-12738236	-38210201	-114631044	-114629810	-114632088	-114632334	-38215818	-12734256	-4106496	-1339548	-432276	-516	-669180	-565182	-157770	-11844	4230	8469	6831	3465	918
317870	186229	213287	213675	213611	208377	229151	167202	213208	213593	264851	167596	27080	166780	185645	151099	51450	48754	156009	293328	191780	291731	283483	240450	154150	43376	256514	234454	262236	243032	-5140	-140054	-347192	-473014	-301375	-343170	-298225	-340870	-344280	-342685	-300427	-370469	-369529	-383425	-369799	-510206	-1424646	-4314679	-13463498	-39745936	-119223853	-357673227	-357669399	-357676511	-357677325	-119241534	-39733983	-12811947	-4179273	-1348428	-1410	-2092269	-1768131	-493533	-37125	13086	26586	21852	10944	3915
939097	550299	629364	631634	630340	615560	677563	493878	629196	630527	781717	495005	80045	492527	548579	446822	152100	144469	461104	865962	565839	861600	837884	710192	455708	128477	757898	692707	774694	718155	-15116	-413786	-1024493	-1396382	-890083	-1012448	-880535	-1005770	-1015771	-1012586	-886809	-1093543	-1090758	-1131585	-1091638	-1506177	-4206113	-12738236	-39745936	-117338214	-351973235	-1055924092	-1055912748	-1055933750	-1055936112	-352025223	-117302100	-37824909	-12338640	-3981195	-4422	-6171687	-5214528	-1455615	-109629	38349	77670	63288	31725	9180
2816112	1650363	1887395	1894081	1890325	1845961	2031962	1481247	1886904	1890681	2344110	1484598	240053	1477179	1645097	1339627	456018	433281	1382707	2596937	1696827	2584077	2512988	2129638	1366517	385416	2273077	2077228	2323534	2153587	-45408	-1241178	-3073412	-4188551	-2670416	-3037091	-2641813	-3017008	-3047024	-3037916	-2660522	-3280337	-3271950	-3394684	-3274571	-4517932	-12616851	-38210201	-119223853	-351973235	-1055796088	-3167401243	-3167367265	-3167430256	-3167437371	-1055951454	-351865425	-113461719	-37011903	-11942130	-13245	-18512067	-15640848	-4366251	-328689	115398	233271	190215	95607	28647
8448602	4951112	5662605	5682293	5671393	5537943	6095932	4443904	5661110	5672337	7032935	4453978	720295	4431721	4935500	4018954	1368216	1299811	4148169	7791313	5090853	7752488	7539038	6389092	4099585	1156334	6819281	6231778	6970629	6460829	-136210	-3723498	-9220289	-12565617	-8010878	-9111317	-7925075	-9051080	-9141144	-9113266	-7981326	-9841044	-9815914	-10184093	-9823782	-13553877	-37850599	-114631044	-357673227	-1055924092	-3167401243	-9502242960	-9502141014	-9502329985	-9502351314	-3167867667	-1055600739	-340386291	-111035976	-35826600	-39732	-55537464	-46923750	-13099014	-986022	346293	700092	570933	286965	86373
8448396	4951020	5662504	5682162	5671295	5537794	6095794	4443822	5661011	5672199	7032796	4453898	720296	4431639	4935388	4018836	1368183	1299782	4148074	7791176	5090755	7752347	7538905	6388930	4099489	1156335	6819138	6231606	6970496	6460673	-136216	-3723451	-9220226	-12565460	-8010825	-9111228	-7925010	-9050988	-9141054	-9113203	-7981267	-9840965	-9815831	-10184034	-9823699	-13553726	-37850178	-114629810	-357669399	-1055912748	-3167367265	-9502141014	-9502039080	-9502228047	-9502249380	-3167833629	-1055589453	-340382655	-111034806	-35826222	-39732	-55536846	-46923210	-13098888	-986004	346347	700155	570978	287019	86535
8448564	4951118	5662603	5682279	5671395	5537912	6095914	4443897	5661110	5672316	7032913	4453971	720299	4431714	4935485	4018926	1368201	1299799	4148162	7791315	5090845	7752490	7539043	6389068	4099575	1156337	6819271	6231742	6970636	6460813	-136218	-3723527	-9220406	-12565725	-8011004	-9111424	-7925189	-9051179	-9141250	-9113400	-7981446	-9841163	-9816031	-10184234	-9823895	-13553999	-37850936	-114632088	-357676511	-1055933750	-3167430256	-9502329985	-9502228047	-9502417022	-9502438353	-3167896638	-1055610438	-340389420	-111037011	-35826933	-39735	-55537980	-46924182	-13099158	-986040	346329	700137	570960	287001	86481
2816174	1650367	1887529	1894082	1890459	1845962	2031961	1481297	1887031	1890761	2344294	1484655	240099	1477236	1645153	1339631	456065	433266	1382713	2597095	1696944	2584157	2513008	2129679	1366516	385447	2273083	2077236	2323540	2153595	-45408	-1241176	-3073483	-4188582	-2670346	-3037152	-2641743	-3017069	-3047092	-3037811	-2660494	-3280400	-3272020	-3394758	-3274641	-4518009	-12617007	-38210778	-119225775	-351978704	-1055812457	-3167450438	-3167416460	-3167479451	-3167486564	-1055967907	-351870941	-113463391	-37012424	-11942336	-13243	-18512718	-15641445	-4366410	-328686	115449	233385	190329	95673	28845
939165	550303	629450	631635	630424	615593	677591	493937	629277	630575	781838	495061	80073	492588	548635	446824	152133	144486	461108	866056	565922	861678	837921	710232	455707	128512	757939	692744	774736	718177	-15116	-413784	-1024536	-1396399	-890043	-1012483	-880514	-1005800	-1015806	-1012521	-886792	-1093565	-1090785	-1131617	-1091660	-1506224	-4206225	-12738606	-39747178	-117341741	-351983818	-1055955889	-1055944543	-1055965546	-1055967907	-352035850	-117305676	-37826000	-12338993	-3981321	-4414	-6172066	-5214867	-1455714	-109626	38370	77724	63372	31779	9288
312649	183232	209658	210236	209984	204912	225578	164526	209600	209917	260367	164898	26699	164077	182676	148634	50644	48094	153480	288454	188469	287001	279058	236418	151674	42851	252399	230572	258022	239061	-5060	-137853	-341521	-465244	-296664	-337428	-293495	-335185	-338531	-337457	-295588	-364448	-363516	-377219	-363803	-501887	-1401564	-4244752	-13244661	-39100700	-117288475	-351866913	-351863151	-351870146	-351870941	-117305676	-39088902	-12604458	-4111683	-1326663	-1466	-2056658	-1737663	-485118	-36468	12960	26097	21333	10797	3654
100797	59112	67499	67829	67609	66037	72853	53082	67494	67565	83843	53192	8646	52915	58946	47937	16352	15599	49505	92948	60646	92559	90114	76167	48939	13934	81435	74319	83242	77088	-1632	-44503	-110094	-149966	-95781	-108689	-94712	-107980	-109053	-109039	-95337	-117509	-117205	-121640	-117312	-161814	-451978	-1368832	-4270649	-12608303	-37820573	-113462097	-113460885	-113463140	-113463391	-37826000	-12604458	-4064734	-1326009	-427875	-526	-662070	-559131	-156150	-11724	4224	8361	6753	3489	1008
32754	19237	21928	22050	21963	21474	23710	17268	21929	21937	27203	17298	2804	17209	19158	15546	5294	5080	16084	30194	19669	30109	29337	24752	15899	4538	26514	24157	27114	25067	-542	-14518	-35962	-48918	-31364	-35481	-31021	-35243	-35594	-35690	-31202	-38354	-38248	-39725	-38281	-52779	-147452	-446516	-1393091	-4112880	-12337301	-37011992	-37011602	-37012337	-37012424	-12338993	-4111683	-1326009	-432628	-139580	-182	-215794	-182214	-50928	-3822	1401	2715	2199	1176	387
10619	6215	7179	7135	7193	6903	7696	5634	7176	7107	8963	5648	990	5613	6266	5054	1802	1684	5206	9889	6452	9802	9531	7991	5143	1577	8541	7779	8732	8090	-172	-4684	-11598	-15710	-9983	-11399	-9849	-11330	-11446	-11392	-9937	-12403	-12373	-12828	-12390	-17034	-47540	-144092	-449476	-1327065	-3980710	-11942200	-11942074	-11942311	-11942336	-3981321	-1326663	-427875	-139580	-45124	-74	-69596	-58698	-16458	-1254	510	978	768	414	180
4	-2	-10	5	-8	-27	7	-5	-10	-10	-32	-5	6	-10	16	2	3	-26	4	8	-48	-12	6	-8	4	-4	-13	-14	-14	1	0	-15	-16	-14	-47	-2	-28	-7	-5	-64	-36	-23	-21	-26	-26	-18	-54	-172	-470	-1474	-4415	-13244	-13244	-13245	-13243	-4414	-1466	-526	-182	-74	-40	26	24	24	0	18	-24	-54	-12	-36
16485	9518	11336	10938	11337	10852	11464	8482	11283	11452	13979	8538	1271	8528	9484	7830	2600	2158	8032	15352	10227	14958	14172	12669	7872	1803	13029	12213	13352	12590	-266	-7096	-18090	-24695	-15298	-18191	-15265	-18028	-18226	-17094	-15565	-19271	-19229	-19853	-19199	-26505	-73642	-223060	-697423	-2057229	-6170689	-18512488	-18512282	-18512660	-18512718	-6172066	-2056658	-662070	-215794	-69596	26	-112052	-95574	-26544	-2160	465	1401	1341	414	441
4638	2675	3183	3080	3182	3073	3190	2345	3165	3260	3894	2363	317	2363	2638	2208	697	552	2262	4294	2857	4166	3928	3594	2213	423	3650	3458	3742	3557	-74	-1991	-5104	-7005	-4341	-5178	-4343	-5129	-5185	-4818	-4438	-5433	-5421	-5589	-5409	-7475	-20746	-62798	-196459	-579392	-1737872	-5213750	-5213690	-5213798	-5213815	-1738289	-579221	-186377	-60738	-19566	8	-31858	-27272	-7538	-626	85	341	341	70	75
1245	724	876	823	875	820	871	654	871	866	1082	658	107	658	726	588	208	176	606	1179	797	1153	1086	961	590	155	989	921	1021	956	-26	-552	-1442	-1929	-1207	-1443	-1209	-1426	-1444	-1342	-1231	-1535	-1529	-1579	-1525	-2085	-5786	-17530	-54837	-161735	-485139	-1455446	-1455432	-1455462	-1455470	-485238	-161706	-52050	-16976	-5486	8	-8848	-7538	-2140	-196	45	127	127	46	63
99	54	56	68	55	66	68	42	55	67	70	42	3	42	58	64	18	16	54	76	57	77	75	85	50	3	69	81	74	88	-2	-42	-102	-153	-95	-115	-97	-112	-114	-102	-97	-121	-119	-109	-117	-161	-442	-1316	-4125	-12181	-36521	-109558	-109556	-109560	-109562	-36542	-12156	-3908	-1274	-418	0	-720	-626	-196	-52	-25	-25	-25	-28	-81
31	18	-36	42	-37	53	21	-34	-35	32	-49	-36	-41	-33	-12	53	-29	-5	29	-53	-27	-35	-21	51	31	-62	20	63	16	51	6	8	69	-2	-4	17	-14	17	18	12	-3	58	55	85	58	46	127	470	1454	4261	12822	38477	38483	38481	38483	12790	4320	1408	467	170	6	155	85	45	-25	-96	-111	-101	-84	-219
-12	-11	-101	13	-104	32	-8	-68	-100	-9	-152	-72	-67	-70	-41	28	-51	-29	7	-131	-106	-95	-65	22	9	-97	-8	42	-15	29	6	16	104	31	-26	48	-39	47	51	-16	-17	101	101	129	103	103	268	941	2954	8630	25919	77788	77795	77793	77795	25908	8699	2787	905	326	-8	467	341	127	-25	-111	-176	-156	-114	-294
-15	6	-96	33	-95	12	2	-74	-93	-9	-143	-76	-55	-78	-41	45	-51	-29	22	-114	-107	-98	-51	16	26	-87	-15	28	-20	31	6	6	98	19	-43	47	-34	42	45	-42	-23	78	77	106	75	83	217	759	2428	7032	21135	63437	63442	63440	63443	21124	7111	2251	733	256	-18	447	341	127	-25	-101	-156	-176	-114	-294
26	17	-37	44	-38	43	13	-40	-37	32	-57	-40	-41	-40	-13	55	-24	-22	31	-47	-35	-41	-26	46	32	-70	4	54	-2	49	6	2	61	-12	-8	11	-10	8	11	-5	-6	39	38	70	38	36	104	385	1216	3525	10623	31885	31891	31889	31891	10593	3599	1163	392	138	-4	138	70	46	-28	-84	-114	-114	-102	-228
77	38	-6	67	-7	66	61	4	-5	45	-4	2	-21	2	29	73	-3	13	48	-2	-3	14	34	70	50	-27	50	82	44	77	6	-10	40	-29	-15	9	-17	6	9	-19	-6	22	21	49	21	-1	-11	34	145	340	1061	3199	3205	3203	3205	1032	406	112	43	20	-4	49	25	21	-27	-73	-98	-98	-76	-220